4572199.3
4572197.3
4563778.3
4563777.3
4563774.3
4563772.3
4563771.3
4563770.3
4563767.3
4563765.3
4563764.3
4554057.3
4554052.3
4553950.3
4553949.3
4553948.3
4552956.3
4552886.3
4548349.3
4539998.3
4539994.3
4539918.3
4539799.3
4539591.3
4539579.3
4539577.3
4539575.3
4539531.3
4539527.3
4539523.3
4539521.3
4539519.3
4539517.3
4537105.3
4537104.3
4536476.3
4536472.3
4536376.3
4536374.3
4536100.3
4534350.3
4534349.3
4534338.3
4534336.3
4534330.3
4534328.3
4525957.3
4519776.3
4519768.3
4519764.3
4519763.3
4519762.3
4519760.3
4519753.3
4517740.3
4517714.3
4517712.3
4516911.3
4516651.3
4511148.3
4511146.3
4511144.3
4511142.3
4511140.3
4511139.3
4511135.3
4511114.3
4511111.3
4511065.3
4511049.3
4508940.3
4506440.3
4503377.3
4502926.3
4502543.3
4501939.3
4497402.3
4497384.3
4497381.3
4497379.3
4497377.3
4497376.3
4497375.3
4497373.3
4497371.3
4495464.3
4482599.3
4482593.3
4481984.3
4481980.3
4481970.3
4481574.3
4481526.3
4477904.3
4539585.3
4539529.3
4502928.3
4517064.3
4516455.3
4513715.3
4502935.3
4502925.3
4502924.3
4484865.3
4484859.3
4481963.3
4701424.3
4701410.3
4612434.3
4580697.3
4541651.3
4541649.3
4541647.3
4541645.3
4541641.3
4510165.3